  1     59    0     0     0     1     0     1    33.7   0    33.7   0
  2     50    0     0     0     1     0     1    3.8    1    3.9    1
  3     76    1     0     0     1     0     1    6.3    1    10.5   1
  4     66    0     0     0     1     0     1    2.3    1    5.4    1
  5     33    1     0     0     1     0     1    6.4    1    19.5   1
  6     23    0     0     0     1     0     1    23.8   0    23.8   0
  7     40    0     0     0     1     0     1    1.8    1    7.9    1
  8     34    1     0     0     1     0     1    5.5    1    16.9   0
  9     34    1     0     0     1     0     1    16.6   0    16.6   0
  10    38    0     1     0     0     0     1    33.7   0    33.7   0
  11    54    0     1     0     0     0     1    17.1   0    17.1   0
  12    49    1     0     0     1     0     0    4.3    1    8.0    1
  13    35    1     0     0     1     0     0    26.9   0    26.9   0
  14    22    1     0     0     1     0     0    21.4   0    21.4   0
  15    30    1     0     0     1     0     0    18.1   0    18.1   0
  16    26    0     0     0     1     0     0    5.8    1    16.0   0
  17    27    1     0     0     1     0     0    3.0    1    6.9    1
  18    45    0     0     0     1     0     0    11.0   0    11.0   0
  19    76    0     0     1     0     0     0    22.1   1    24.8   0
  20    48    1     0     1     0     0     0    23.0   0    23.0   0
  21    91    1     0     0     0     1     0    6.8    1    8.3    1
  22    82    0     0     0     0     1     0    10.8   0    10.8   0
  23    50    0     0     0     0     1     0    2.8    1    12.2   0
  24    40    1     0     0     0     1     0    9.2    1    12.5   0
  25    34    1     0     1     0     0     0    15.9   1    24.4   1
  26    38    1     0     0     0     1     0    4.5    1    7.7    1
  27    50    1     1     0     0     0     0    9.2    1    14.8   0
  28    53    0     1     0     0     0     0    8.2    0    8.2    0
  29    48    0     1     0     0     0     0    8.2    0    8.2    0
  30    40    0     1     0     0     0     0    7.8    0    7.8    0
